PID Test 0
 300.00    1.60  160.00   40.00 HI 
 280.00    1.50  150.00   30.00 HI 
 260.00    1.40  140.00   30.00 HI 
 240.00    1.30  130.00   30.00 HI 
 220.00    1.20  120.00   30.00 HI 
 200.00    1.10  110.00   20.00 HI 
 180.00    1.00  100.00   20.00 MID
 160.00    0.90   90.00   20.00 MID
 140.00    0.80   80.00   20.00 MID
 120.00    0.70   70.00   10.00 MID
 100.00    0.60   60.00   10.00 MID
  80.00    0.50   50.00   10.00 MID
  60.00    0.40   40.00   10.00 LOW
  40.00    0.30   30.00    0.00 LOW
  20.00    0.20   20.00    0.00 LOW
  10.00    0.10   10.00    0.00 LOW
;
